Au     0
S   2   1.00
     30.1965370              0.0047330
      9.7259730             -0.3543820
S   1   1.00
      5.0804060              1.0000000
S   1   1.00
      1.7226570              1.0000000
S   1   1.00
      0.7264590              1.0000000
S   1   1.00
      0.0903540              1.0000000
S   1   1.00
      0.0221060              1.0000000
S   1   1.00
      0.0064150              1.0000000
S   1   1.00
      0.0032075              1.0000000
P   4   1.00
     13.8382190              0.0361790
      5.1957870             -0.3283030
      1.7980450              0.6653880
      0.6661050              0.5526660
P   1   1.00
      0.1543360              1.0000000
P   1   1.00
      0.0340000              1.0000000
P   1   1.00
      0.0170000              1.0000000
D   2   1.00
      6.3370010             -0.0441030
      1.4806970              0.4621150
D   1   1.00
      0.5283820              1.0000000
D   1   1.00
      0.1711170              1.0000000
D   1   1.00
      0.0455120              1.0000000
D   1   1.00
      0.0227560              1.0000000
F   1   1.00
      1.5343593              1.0000000
F   1   1.00
      0.6118593              1.0000000
G   1   1.00
      1.5117593              1.0000000
****
