S   0
 S   3  1.00
        7.00930271 -0.05036273
        2.10989226 0.35869299
        0.43901940 -0.65724095
 S   1  1.00
        0.18539126 1.00
 S   1  1.00
        0.07045786 1.00
 S   1  1.00
        0.030 1.00
 P   3  1.00
        1.92695474 -0.07600225
        0.85611159 0.26690718
        0.31309459 0.58391818
 P   1  1.00
        0.10272859 1.00
 P   1  1.00
        0.03085159 1.00
 P   1  1.00
        0.01104159 1.00
 P   1  1.00
	0.005 1.00
 D   1  1.00
        0.91881654 1.00
 D   1  1.00
        0.28930089 1.00
 F   1  1.00
        0.56807680 1.00
****
