Se     0 
S   3   1.00
      3.5881800              0.2496300        
      2.2397110             -0.5814600        
      0.3437730              0.7289380        
S   1   1.00
      0.1313990              1.0000000        
S   1   1.00
      0.0656995              1.0000000        
S   1   1.00
      0.0300000              1.0000000    
P   3   1.00
      1.5094270              0.1952710        
      0.8751060             -0.2539150        
      0.2908260             -0.5904870        
P   1   1.00
      0.1002210              1.0000000        
P   1   1.00
      0.0325160              1.0000000 
P   1   1.00
      0.0162580              1.0000000 
D   1
      0.6383506              1.0000000
P   1   1.00
      0.0080000              1.0000000 
D   1
      0.2312957              1.0000000
F   1
      0.6630066              1.0000000
****
